10
1000000
100 615158 640366 544755 370625 147294 840973 839317 543185 415117 204368 99231 959633 257231 858152 144596 679438 407679 928968 964139 732298 611340 734871 306162 953727 305780 761510 517461 905211 495029 142982 345731 110186 783348 406837 997163 446993 247809 352831 990178 179277 557198 605760 655261 330780 980263 316209 10217 387942 245176 974355 636591 372867 709225 459105 326593 531357 220614 844053 436567 715643 503386 298649 342180 803085 705485 855694 250078 469646 724876 756607 648922 798426 878718 820535 129205 858981 136743 655774 763274 898270 630128 916216 271136 855705 375320 597728 903413 595934 958132 856331 827928 461517 154980 686459 264602 376816 58505 31031 846461 783380
856711
100 292956 371295 257792 767045 98929 540582 829506 313943 259435 573899 33634 294914 657082 172141 547173 170909 341553 801173 312818 177091 718946 141391 802540 801000 684941 58986 317637 607888 105885 268296 230132 398840 73708 778752 600002 463465 462623 572796 777408 722057 289983 811041 451089 381182 417299 432379 842919 758851 376840 299025 370059 529903 731244 606716 765020 559473 99819 225946 310649 205703 785070 831610 604542 2066 753650 347832 465531 650390 354745 677056 806565 78845 631385 400942 750855 482802 833320 737063 675770 644277 179376 479947 317468 53909 229951 516606 613381 329770 742551 358148 535472 670909 623875 574132 107092 811642 356081 572622 605321 144944
975729
99 173592 288143 224253 958721 303202 90727 230108 628757 742495 128083 614691 3384 213947 48357 478621 16423 57791 394061 723323 679909 239427 735339 575444 885018 260011 24367 870231 346377 856710 652890 262319 150453 61184 582452 229325 364385 673178 459433 113293 535824 587515 823864 635088 897343 968102 137979 913765 146044 532040 661358 825952 867347 420968 521547 872516 776859 545913 767018 147506 426893 444178 409824 673226 505361 16547 902551 965627 785605 386254 199071 441581 93920 143087 100939 15533 135459 334799 929297 281502 962719 710807 227605 950217 156045 749151 847004 932903 319335 638292 200560 842108 202621 610383 539605 803862 722810 562307 793759 628567
837219
96 763313 318111 392601 395001 21778 380431 373000 218155 620904 521147 343363 50379 81383 595857 469208 348374 738545 87599 562717 694826 420598 190339 204326 552512 582128 492634 451272 373767 627120 830168 704537 553214 294147 259918 110995 299011 623435 467081 517166 390206 134095 6396 440584 215478 585339 72572 563851 486665 143257 272435 327358 563854 445860 514770 279147 173856 153271 730418 547622 780391 706454 414939 496385 146468 657943 590466 445478 444158 220327 108511 834363 337508 114906 420814 552985 683332 493385 262704 315864 636641 518225 643221 363275 126866 320772 625508 300721 474042 501794 11123 417213 354115 409148 59465 500582 229871
868600
89 327908 473232 658118 275232 270689 578858 56315 104448 354341 469121 489985 8002 763683 89688 779900 294331 51470 537131 341827 495213 467275 501389 806249 563884 673643 251157 476152 575975 31566 587359 366158 359473 756142 719827 634704 722382 125636 386570 522381 479976 855691 707918 487978 446325 797605 399277 436207 544626 631960 778033 171238 230634 106373 673039 490069 475568 619747 97621 182942 651312 380531 244652 706336 268072 95878 472440 686005 221514 554561 339785 701489 237203 179102 320866 379080 672258 415695 815286 348283 179054 420271 215073 105239 222195 19511 290860 697762 639257 84032
978583
99 343838 534629 458093 546662 14279 112618 742364 319205 128415 307589 889248 293148 497748 265002 346843 730709 832329 5659 872834 667192 273227 448308 219539 891998 466226 251755 565801 42624 119749 437738 730565 969623 972366 716111 537701 514098 828729 807518 360757 957143 642560 271421 777744 161724 63876 146004 419887 423659 657699 820174 112267 930925 289898 837842 371793 756123 617050 937593 326200 736798 396747 584218 255291 896566 321745 320445 432081 171890 149379 792837 656486 319393 591711 455647 8570 655586 129104 428456 100661 314256 270046 718965 772634 87397 105677 165843 843519 722727 124853 191135 8395 49053 302806 263686 945619 624551 584130 399116 323894
940649
88 811167 108430 787597 688966 762443 580250 259692 253805 720952 649161 683788 735164 856996 809 925073 870400 508038 718127 926676 420219 546638 378948 546291 389148 801965 796852 744912 773057 43736 406095 906194 872922 532543 771160 639257 354336 428779 898949 626160 209082 607460 369298 21615 541825 388125 6038 489594 914182 742183 475620 411770 348172 872586 17411 755338 733902 832282 559600 584328 894036 43065 567891 826308 575607 398402 524916 7313 827180 501234 633472 113631 168044 80139 135245 727888 468263 159301 276832 459814 901484 770471 871583 327025 702407 907013 141713 513678 816664
746729
99 361851 257441 556657 127350 632248 465739 311164 192637 469368 101254 642261 590579 387857 643349 105011 368374 232012 493775 541739 591791 73717 635662 229750 105873 225524 539568 530204 135955 562870 244241 271860 286947 501681 190743 414296 387200 18708 87686 688792 488075 188939 584323 440880 576795 480942 545891 307395 75181 401892 102405 29198 584564 738066 258947 690436 325816 51786 473911 461770 723611 718151 95856 263828 473103 286598 40350 222529 305305 128035 164591 46651 316973 2184 596486 255994 592082 395647 563388 667262 159766 665792 696459 744329 19355 317632 688036 345170 478373 524173 60210 455254 495594 156065 81308 330923 442662 121657 553451 1238
878221
99 735778 25263 614822 619295 132753 300841 602840 804087 322482 737219 165614 787744 168908 199438 481148 104689 29469 92130 842344 283255 769154 694245 387276 511407 648625 264684 310404 198852 402718 421151 288678 260274 213110 25278 1347 345863 326118 370883 38425 415296 229880 204038 91515 398788 170172 572663 270173 844559 431489 234296 249592 322421 50319 403564 600524 465640 434944 32707 664491 837661 220554 719866 219713 433663 511840 865978 546222 604655 358639 584646 786647 355216 555381 878162 520700 492249 339300 790872 458586 770788 791864 474874 859905 842182 645135 348905 196298 201857 381611 627485 806215 368861 469129 147706 569220 102748 780380 3918 707402
954687
98 155262 610552 548691 577934 205729 682394 797582 929185 345965 794477 215832 362359 741584 30175 65171 909151 572196 631779 415026 612585 480824 526637 742728 470936 389199 641440 825551 160717 462641 394693 828931 225318 612659 422934 410666 818387 150641 815662 792884 104020 655451 616130 466378 49762 253719 138963 4226 433330 770742 26666 91227 858980 553302 441369 937331 549915 128122 808194 318046 198177 248199 192289 30909 468273 615223 441574 331972 373278 302548 732271 477297 565413 393713 551089 222590 254847 297467 788917 688176 675623 815582 779402 579915 21611 266083 169973 571525 394204 23480 889571 199796 833780 127172 230704 347365 349809 672278 286752
