100
4412
100 2437 4397 3898 3957 3628 1145 3742 870 2558 1728 3651 2471 2270 4402 2945 377 863 728 949 2463 1429 2339 1672 3095 293 6 1876 3094 122 4020 1636 2558 4004 1121 2103 3220 2262 1428 4085 407 3155 3319 2873 1012 3309 1405 1384 4167 2133 2329 2218 3557 255 3889 2239 543 3894 4111 3636 4011 3718 859 2153 3306 1980 4255 2109 4241 1270 1781 231 8 683 3103 1016 3991 91 2395 3746 2219 311 1547 1364 561 1023 3602 1103 501 3296 326 99 2598 1181 2251 1491 3156 2089 3599 2980 3354
4908
76 2353 4149 1070 4579 4382 2647 3167 288 3209 3830 1292 751 2708 2863 506 1399 4147 2518 2630 1169 907 2973 2910 3593 39 3465 4263 438 916 1191 2018 296 431 116 4875 1840 4698 161 4063 2999 1018 446 3749 3726 337 1282 2152 4483 3799 1809 743 4706 4782 681 418 4820 4145 1708 2285 2088 2898 1331 2384 356 3382 4286 4132 3171 4446 3286 1261 556 760 101 4281 1096
4808
100 2329 1710 199 2834 4326 3535 1162 2209 4776 1089 325 3994 2323 2093 1443 1839 3513 4548 1734 2336 4494 1461 1406 4174 94 699 903 233 4374 2032 1252 1830 3741 1451 4663 3195 113 952 595 80 2041 855 4010 4299 2947 644 1329 1587 383 3063 3858 4 4459 455 4114 4552 1089 208 4720 654 2176 1164 2419 1108 2550 2209 4238 2662 3160 24 2678 328 878 1815 4626 3760 2394 1147 474 2713 4209 4331 2652 3859 4785 1957 3538 1065 2101 3450 1654 4276 4549 4072 575 2290 1472 5 79 4568
4592
95 1902 4575 707 2011 2054 1537 536 3606 2072 3628 652 261 1026 1607 3635 1866 3983 686 979 229 2541 4295 180 2016 2058 3016 2374 1673 1028 2054 2056 2930 3924 59 2236 1385 1595 67 399 3666 3694 2938 3926 128 4544 264 3881 3935 2837 2155 1459 786 3745 1638 97 1210 62 2470 2883 1089 1819 2234 1314 1150 2292 3550 4422 3887 3616 228 2960 14 462 4182 2029 2301 1741 3205 1643 1874 767 3101 4547 4512 2035 51 3017 2096 2520 3195 480 1634 837 3682 79
4575
100 667 2175 3402 3182 1782 4235 3132 2601 4257 529 4075 3020 2807 3209 3633 2565 800 3432 2040 1090 177 622 1045 3064 4097 1081 3519 2642 318 4421 976 4036 2020 4377 2643 3802 4037 4251 304 2195 204 2856 3691 1487 1489 1226 4051 2288 82 4567 1854 3310 614 2898 1798 3187 2455 3793 1253 1250 3638 2228 710 1083 507 1829 3361 3020 1505 3664 639 1708 421 2806 1672 1910 4031 1147 2674 2590 4191 3005 1324 3281 1327 1599 1892 2259 3868 3145 3508 2931 797 2694 2490 4355 4523 1275 2799 1452
4252
92 3742 893 3352 2061 1408 1366 3987 877 1225 214 3023 2756 2954 3317 809 3485 2153 433 674 2964 2318 4126 998 2824 3505 4015 1538 340 652 1948 3565 141 296 2664 3909 1703 1486 1100 35 2710 1313 513 2921 1722 1286 1185 2662 3438 3325 792 2149 1390 665 603 4213 4170 365 3206 1965 2724 901 1278 321 1197 1397 1685 355 2882 2784 2098 3047 1552 66 3423 3274 1351 356 3391 537 3680 4182 141 818 595 2451 2486 2220 271 3148 1640 451 1504
3023
100 47 930 1192 1565 1395 636 1823 1929 2932 2544 294 992 248 2444 2973 1210 528 1250 3002 1088 1731 355 540 1907 1771 1096 2556 616 41 860 2502 88 2927 1809 1652 1299 2444 1589 1342 468 1109 2773 1459 1357 2193 2546 681 836 1910 1797 1923 617 266 578 638 151 2811 1309 766 2852 283 1383 1054 186 168 2705 2622 2611 2408 940 55 494 1827 2651 2988 997 2173 1783 2970 1059 1694 3007 2814 75 561 428 225 1487 1736 2129 1315 2018 488 2368 319 655 164 2940 1380 2571
3553
92 222 2880 1 2708 889 956 1140 1656 1683 3056 2203 2038 3010 651 1454 205 2274 1514 497 3499 1136 1241 2166 718 75 2293 1265 3118 3023 1962 1635 3244 1288 1635 1692 2177 2590 2831 3126 13 2334 1069 1345 1084 1720 2798 583 440 52 1079 385 1187 1613 1844 1198 982 3430 2462 546 2899 164 2180 1884 746 3108 22 2922 1438 2147 1788 1451 221 2856 2795 1304 316 1333 1886 756 1385 2258 434 1865 318 2278 3063 1299 1448 1265 1138 794 1429
4905
100 4025 1950 4406 2123 1887 3042 2145 1677 3895 3312 2416 1985 3563 115 4121 3283 242 4167 3102 1478 4841 205 3788 2853 3394 4378 366 1564 2722 2709 1227 769 4658 4559 2891 1640 2696 131 2243 612 2369 3585 2596 1027 3699 1811 3236 2867 1073 1432 3272 4840 1636 2154 1714 125 554 1006 615 2202 3714 769 2970 3467 422 956 4033 2044 13 297 2655 2381 3881 4178 2334 1602 10 665 4468 1082 2096 1761 4848 3732 2842 1657 2783 3395 2662 2324 4523 1471 2019 2588 3864 2441 3543 2991 3411 2482
4827
97 4245 956 1502 2818 2112 3300 4643 4693 2275 3819 1547 3164 704 3095 574 733 37 3970 816 744 3959 479 221 813 946 4347 2689 2195 4793 698 919 4592 1653 2802 2582 4146 1274 2779 4393 3930 1770 1112 2266 2855 4589 2839 3969 4625 2363 4785 923 1494 436 1525 2688 1763 1044 550 3957 1391 1247 431 1155 3281 3614 4118 2981 443 2069 2547 4372 4220 4040 1811 2247 4183 204 1389 4362 2567 1728 457 4442 2545 2364 2303 4307 3789 2852 3818 353 4480 4630 1507 2933 3417 1180
4734
100 2733 631 712 491 1238 3452 3871 2068 1297 3040 4196 2124 1430 2684 4241 2535 2562 2396 938 3890 1197 681 2695 3454 1484 2376 2477 3390 2165 4478 3000 935 375 4483 1425 2384 3200 561 490 4496 4372 4685 2657 1840 2635 2163 4374 1234 596 577 390 2564 2029 3856 1283 4284 1498 4531 3711 3662 313 1976 4596 1459 2496 2058 3842 1733 2618 4331 2267 3028 320 189 133 3726 3124 4506 225 3719 1120 1386 2321 3920 508 4375 3469 2005 210 3217 1704 522 1231 1565 1980 3726 3622 1087 725 2277
4937
72 763 388 2691 3511 3216 507 3182 25 2842 2092 85 3545 2388 2183 3001 2405 3174 1040 49 4777 1635 2036 1690 1012 3533 1393 3119 558 3169 3549 2809 1732 1738 3301 3044 2754 3807 1288 579 4449 3379 663 857 3568 646 1658 1035 3819 499 3821 1459 2133 919 3148 945 2252 2342 4064 611 573 476 1220 105 2213 4520 3148 2767 1190 2237 3345 3439 3416
4926
100 4535 4701 3547 1348 1565 1888 268 1071 2213 4917 3613 4770 1481 2526 548 2747 3643 2864 3597 3237 2605 4685 1509 4886 2415 2898 516 2088 4459 1694 1636 267 1469 1382 2741 3033 3270 3008 304 556 2998 116 1526 678 2642 3199 3424 1358 1136 2094 794 4866 1852 3428 1026 466 1399 2667 3680 2058 4361 389 2324 2029 2897 138 135 1240 4271 1564 2921 2342 1680 646 4145 521 3845 2642 3004 1180 4736 3797 2246 2787 3424 4397 3253 1023 2137 3132 3080 1571 3520 1603 4725 2616 2867 1060 3855 2211
4941
98 4368 319 4379 900 4183 1495 4355 1619 3050 798 3076 779 644 2063 2966 3092 3174 282 2984 1673 4470 909 3800 478 2889 2804 887 3115 4897 2769 873 4323 1564 3728 3700 806 281 3113 901 3330 2387 3976 2585 3030 4516 4028 4599 2748 4309 2641 2898 3837 2026 1756 2792 4914 4559 2155 1564 2991 4924 913 850 1546 4641 3026 2351 4921 4615 1729 1787 2061 4181 2848 3567 3755 1934 1701 39 1302 2819 2936 3615 3321 4691 1465 3294 2785 3620 3334 4252 3602 2724 3578 3624 2423 1662 4452
4584
94 2037 3443 4226 3054 1502 2999 3868 940 453 863 4248 110 1319 878 3072 1083 3775 1666 2640 3547 911 3231 1900 3143 1574 4042 4082 3409 4468 3140 957 3089 1998 1766 1558 3500 181 2009 4439 1801 4040 686 1910 1942 1563 1566 3024 753 3231 1079 883 725 894 2782 3868 3635 3408 4533 2459 3291 3088 4583 2963 1670 1764 1104 1753 3112 3113 2775 329 2568 3460 3406 4509 1607 387 4116 2359 202 1778 4410 926 2671 2607 209 1721 2598 1325 763 1305 4413 761 851
4770
99 975 865 4756 3381 179 1885 2225 54 856 2543 950 2973 1493 1592 4690 2014 2979 286 388 3239 1133 82 1151 3524 2909 3598 1122 713 1780 1081 274 1726 1945 4001 4078 2124 1115 1532 1149 943 4075 2099 2887 797 2662 2807 1782 870 2064 2169 3081 3196 1223 3203 921 4131 2031 1014 3815 2782 2094 4088 3480 3011 2290 2787 364 3405 4319 484 3319 3623 1554 1435 3391 4215 4241 4144 4057 1534 1543 2367 3701 1737 4541 3593 69 773 4607 3883 2527 902 2172 1236 3912 4461 2994 3247 2067
4888
94 2125 1233 3612 2373 895 4015 4309 2640 906 1683 2102 4358 3223 27 2143 31 2899 1321 4529 1950 2704 1415 1243 3234 1494 3340 4063 4139 42 1158 4135 2662 2887 3354 147 3781 2976 4455 2028 4377 1249 4130 3846 79 4652 1597 109 2662 3413 4638 219 1725 1660 1461 70 3153 409 4132 2403 450 898 2145 3111 4280 1106 3753 3668 4081 3319 1304 3570 176 1041 3023 254 804 227 363 3961 3640 608 4179 476 2267 1248 1041 1027 1656 781 3926 2601 1678 1182 1319
4987
92 3678 3222 3880 1591 2840 430 2941 211 2656 1034 2972 4424 2202 4719 4686 1086 3661 4347 3642 1294 2754 1308 4576 4890 205 3696 3353 4261 3157 1599 1259 191 4820 3483 125 2673 2256 3065 1227 3255 2442 2542 2691 2987 617 733 4073 2621 92 1071 3915 2845 2378 3503 2747 926 555 1113 200 2055 1055 4789 2245 888 1628 2370 1904 3883 3778 3130 2151 1233 685 4841 4219 4632 3918 1648 2266 4009 2719 1193 211 3440 4695 1301 4366 3594 757 2909 661 1812
4226
72 1542 516 1092 546 3350 1109 3817 3723 3175 2271 2189 3599 3714 3220 3896 3456 3298 805 530 936 2663 2403 343 1254 1151 2268 1308 2628 3716 1631 3734 1032 2147 1111 2089 1270 2220 1679 1278 1680 235 3978 1565 3948 2972 1234 3690 2555 2550 4219 3491 986 2908 119 2239 4058 2387 4058 2459 2388 1463 2478 3931 4121 3588 1793 1164 2093 3983 2953 3773 4218
4961
100 677 1715 1405 898 1903 4537 183 4199 756 4346 2169 1625 1771 2040 3691 2205 1358 1032 1790 1145 939 3862 3499 4738 4804 2426 3365 4541 1319 4802 599 1300 1555 2003 2198 3457 1578 1685 1999 1639 1069 3472 3263 2145 4817 1297 3654 518 1633 483 1662 2571 3649 199 2347 3491 2625 56 3070 3248 4857 3668 4548 755 710 1089 3516 1592 2078 553 3230 3147 4025 1531 4596 3185 2132 3288 3702 3764 3075 402 679 1762 4866 2330 4557 1834 2385 2665 121 1585 677 3973 2339 691 4366 893 2282 1482
4130
100 2093 3027 272 861 1722 168 2476 3139 894 1464 3717 3807 3561 4079 935 3505 2584 4083 3021 3941 682 3015 2913 297 953 28 789 3107 1179 2825 3031 3983 1721 4014 714 25 763 3189 3875 1656 1234 43 2044 664 704 2978 751 3287 2930 3771 3809 193 3367 2591 490 190 3331 1990 3296 1091 684 2908 943 3117 2792 1656 3141 3554 1426 3597 1792 3372 3640 3835 4035 213 2683 1367 81 2194 1008 3890 3099 956 3062 3588 1145 2262 1447 310 4064 2843 3930 877 1829 3303 3244 839 2726 540
4912
92 3416 2650 2064 3385 4459 868 2396 3790 4459 1884 1105 567 4379 911 2753 4308 900 2615 4585 3326 925 3028 3470 2456 1906 1796 1283 4819 3254 3955 804 1757 237 1411 229 4695 822 1168 3572 369 3051 3220 935 1061 4131 2231 456 118 3389 3584 1987 4313 1699 544 1856 2149 2339 3139 2055 4136 725 1403 980 961 2813 4664 4200 3635 919 1403 2547 2513 4623 2025 3573 3841 4255 2572 3958 2731 4699 4488 675 1485 119 2531 2177 1001 4213 4232 224 3481
4998
87 3660 1811 2685 3542 4023 568 3862 346 1750 1352 3320 4557 2631 1407 245 2538 4030 3975 1046 2823 2566 3649 1561 3508 3628 421 867 4361 2762 1647 1367 1423 3457 4051 4965 4495 4618 844 1856 3384 2195 178 2942 1842 3598 202 4379 2629 4176 2440 2468 3757 1090 4028 4281 4718 4448 149 1096 2212 1795 2462 650 2267 1514 616 3777 3148 1460 635 3547 670 2826 1490 2511 1425 3706 3905 1070 4897 1347 3537 3656 2436 4580 2938 2155
4608
71 741 3851 606 805 2448 3013 4192 1405 30 1042 4254 2677 3223 2951 2467 1678 1888 3726 1629 1852 1101 377 742 4253 683 1956 2257 1235 3255 2360 2348 3995 2626 2953 1215 1489 1357 1822 2893 2410 3888 3562 478 3526 1904 2944 595 207 2062 3247 2059 4186 3623 3824 246 721 2195 2502 1955 841 1277 4302 1251 318 3670 3489 1806 1442 1726 1115 3852
3275
97 39 831 2500 155 438 164 3009 2727 665 1079 2360 69 457 3234 2427 624 988 469 2919 1877 1011 3021 1531 433 663 2687 1294 1748 1716 2039 2121 1106 2222 1345 612 2011 1508 2972 1462 1525 776 3173 945 584 2483 96 559 196 3191 202 2072 279 3222 2954 711 610 2365 1356 1709 157 2746 554 615 1692 1899 578 427 2758 275 1240 1007 402 490 1304 985 2972 751 1543 3167 667 1744 1315 945 1690 993 1007 1651 2709 1714 84 2218 1184 3265 2832 2876 1240 2761
3891
89 2599 3654 2095 1972 1277 2543 3398 3052 335 3446 532 1412 3155 337 3002 3752 2658 1082 2626 2133 2006 1946 3019 154 1182 2850 2598 2560 1785 1129 3692 2546 892 1895 626 2168 2599 2185 3382 2933 1739 2075 2506 3056 573 3669 2916 3231 859 3704 1472 2865 1758 2652 1180 2939 1611 3777 3660 1557 1015 3460 2264 1906 3516 1051 2235 2223 3236 3778 3317 3136 1962 93 2300 2534 3761 3378 1873 2782 3190 1506 3808 1056 267 1096 103 39 981
4938
98 495 372 2649 3697 2879 581 4235 3704 1083 1613 243 4035 533 3754 3481 626 1274 4649 1729 2466 2316 4535 1329 396 4737 3726 103 2305 667 4383 682 1161 4754 3330 3091 928 2144 2388 4632 3227 2234 4874 557 1000 1924 4038 4797 3197 1982 1587 3896 4298 4355 286 4693 4154 2245 3029 4692 2911 2474 435 2306 523 1999 458 1451 4142 1079 4316 664 1547 2485 1221 2546 4408 3492 2405 900 535 2225 3029 3066 1642 1548 1055 4029 3793 4083 2016 4937 4790 2450 538 375 4448 4168 59
3709
89 3561 1808 3230 2729 2029 2263 1623 651 1010 2991 1929 3315 2029 2886 1425 537 176 2479 2522 3651 3313 1406 806 474 1738 3599 585 46 1158 3333 250 2398 2820 3479 1417 1139 3422 3039 3178 722 1 2786 1717 2029 1963 3141 245 2138 3299 2766 2079 2902 462 2885 3375 3588 454 1639 3634 1611 1262 174 299 372 1332 3104 2899 1044 2433 2368 3155 113 1444 2551 2142 3406 3371 2386 3224 2960 1443 1593 2152 3293 2157 3206 3172 2610 1135
4332
92 3584 3559 1610 1513 689 3633 2699 963 1342 2936 2743 2809 858 993 750 3609 1024 3211 2973 470 1807 2947 3409 1924 1134 1086 3886 3951 168 4271 2591 3751 550 4200 2316 1238 552 2066 3585 1894 669 1995 1754 2910 39 2503 3571 2447 1382 2211 2916 240 2210 3377 3547 3343 130 3100 13 297 91 2603 1100 640 2471 467 3261 74 2532 3897 3351 253 2943 773 3162 34 327 3784 2480 1708 1663 1063 3331 924 107 3929 4266 237 2697 1331 1917 4171
4586
91 4498 3408 615 1696 653 3963 3463 1291 1758 1186 365 3245 3695 116 3549 451 2488 51 1633 2650 4192 336 634 3556 181 3138 998 2354 981 2663 326 3465 1484 3512 574 123 2888 4036 3985 59 3207 2336 1290 301 2451 2824 751 2925 2874 2383 988 466 705 1622 4021 3457 173 3004 1225 1154 1080 1550 32 550 475 3177 672 1348 612 2642 3978 3819 391 681 2105 828 3505 2856 3752 4364 3224 153 2815 1914 1774 2249 785 1947 666 2009 1086
3355
91 2868 2727 3331 2276 1307 185 2049 383 913 1789 2027 60 1346 539 191 1901 2144 631 2402 2720 2224 1298 2919 223 962 3062 1869 1171 1381 1823 604 2420 1194 580 2868 672 2291 1561 1055 3203 1521 1253 3262 1039 1791 1624 2939 580 426 157 1471 821 1455 1034 2571 588 2268 1084 1758 1820 2906 2362 885 2272 1113 1924 2943 48 129 642 1422 3176 1895 2855 859 1857 2651 443 2436 3076 599 2078 542 225 1284 3112 813 196 840 742 2015
4968
100 4874 4470 1260 1177 4710 3723 474 2473 4019 220 4116 197 315 4346 3820 944 3680 4264 850 525 4775 3713 3238 801 2356 321 442 4555 2717 844 4248 2622 4249 4443 2734 3990 3198 3207 1494 2248 2362 4546 2444 1612 3923 231 2555 1570 4494 2341 1030 3236 1085 3204 2973 3440 3524 3414 1962 1272 3193 1241 2829 2473 716 4498 1495 3913 1673 1924 128 4034 1501 1507 4582 4360 1738 2168 4865 199 3444 927 3435 4529 4130 1439 1936 1621 3788 3898 1828 2012 170 4656 4484 4789 3121 4914 2669 4793
5
5 1 2 3 4 5
4771
93 2393 1669 2735 1795 4097 2516 974 3750 1865 330 2119 1995 408 3044 2460 4674 3606 3994 4112 2267 649 2573 3602 4663 4319 2517 4265 3208 4111 1936 4264 2436 3604 2227 163 3634 675 1137 2612 3243 2170 664 1171 2577 4411 3630 2480 3245 3556 2524 1444 137 326 275 29 577 3495 226 3785 3538 2865 3981 1202 1698 2140 1365 1264 2814 3205 4579 1989 603 471 3159 3884 111 2018 2296 3355 1506 48 732 1643 1077 1710 2375 1654 433 3304 1371 3971 1397 1284
4842
100 3956 384 3722 4820 4206 3707 1043 172 263 990 4638 70 3080 3216 2969 3341 361 536 3706 3960 824 4712 2744 246 4796 2466 947 2153 834 1897 3056 4789 3736 1935 1380 3099 2256 2422 3271 2518 25 4522 2587 3104 4351 2170 1602 4711 4161 1922 443 142 1791 3186 387 3200 2265 1333 510 3098 4685 179 4500 192 3570 1037 3290 983 72 3174 114 97 4310 4157 4656 3818 1484 2872 301 802 4793 2199 2399 1741 1998 2785 1555 4263 731 2064 3974 2029 3699 246 2220 2426 2738 2123 22 4266
4995
99 1330 1889 2425 4136 2951 2297 519 995 1535 3697 1874 1119 4623 2463 4685 4149 830 2911 4263 1378 883 1884 3548 1493 3018 740 3604 969 1140 2098 4038 4186 708 3184 3326 380 485 566 1374 3736 4263 4964 4854 612 4148 4544 4760 4977 4176 749 1360 64 4349 1629 3273 2371 2368 3598 61 3508 700 820 2698 3124 726 2746 3503 1210 33 4877 1668 1017 1567 3243 1628 720 2791 3110 701 3689 3858 3777 3752 3212 410 3746 2304 2778 2348 2365 3007 4765 4901 2426 4610 631 1893 3118 3558
3721
100 2327 49 2441 138 595 3507 2530 2139 332 1959 1860 3497 2065 2069 232 1721 3050 1422 1355 2267 1741 3496 1203 2592 2384 397 2871 3343 1231 243 467 3557 291 2908 2171 885 2693 3177 1500 3024 3613 3359 1276 1956 184 1507 3676 1710 2928 3508 2453 3146 3282 3655 2016 421 2528 3364 42 37 3606 2707 2070 175 1893 2717 1059 864 2172 2558 2365 2063 673 3640 298 856 3624 2450 1042 1307 2236 3494 731 273 1904 1224 2891 2908 866 1410 2944 750 395 3490 924 2287 2485 1982 1627 3133
5
96 5 4 1 5 3 4 5 5 2 2 3 5 3 4 1 5 2 4 2 5 3 4 3 2 4 5 2 2 3 3 4 4 1 5 4 4 5 5 3 4 1 2 5 3 5 1 4 3 4 5 4 1 1 1 4 1 3 5 5 2 2 3 1 5 4 4 3 4 5 5 4 5 1 3 2 3 3 3 2 4 2 1 1 4 3 5 5 2 1 4 4 5 3 4 4 2
4957
89 3766 1729 1717 2937 233 3785 853 4226 1469 4788 3988 3156 4339 1530 1241 82 1629 1322 2777 1253 1183 1352 3277 3894 3487 5 3352 3148 728 2147 4922 4493 3876 4445 278 1914 3272 1131 1182 2547 3724 212 745 3105 1742 1985 3186 1176 1113 3768 2428 101 162 747 3994 1454 3514 2388 4601 2047 4535 2372 4346 1259 1859 4623 3172 2936 3559 4353 525 2325 2370 4033 3235 4111 3823 1463 3092 2741 3036 3326 2842 3197 4072 1878 2456 435 2072
4772
94 932 4324 3388 1489 4444 371 52 4527 2498 375 3170 2472 973 3579 475 3115 871 1035 4562 3513 292 4698 2762 1394 92 4555 40 3678 495 1390 4215 1426 3189 306 390 2860 2924 442 90 650 3064 3259 3121 4036 4313 3595 4626 411 4629 4415 1399 2397 1816 1637 3790 4155 1419 1306 3060 1913 171 4751 814 3359 284 1203 3694 3208 1644 3783 1333 2183 4517 4453 1446 1534 751 3547 1944 2856 3189 3343 480 232 207 1745 1862 3873 3050 150 3261 3220 2376 4074
4825
99 1713 459 1985 2834 1027 1420 822 700 965 4284 2923 3631 4147 631 177 3702 1973 3855 758 3098 535 1066 334 3643 3481 2054 1949 1386 312 4673 4812 427 307 373 1662 4560 194 2484 434 1158 1942 3357 3191 1263 2389 1769 3366 4361 4025 4124 1035 4559 3591 4596 3377 2246 1824 500 2033 538 347 421 964 3880 4020 2625 3615 4213 283 2450 545 626 4208 2137 290 1772 3905 3656 4534 3104 1356 3971 2838 121 2143 4616 768 2368 290 2800 2905 3863 1622 2270 2918 816 3297 109 203
4777
90 3930 4142 3883 1813 2743 3918 3033 4411 4386 2493 3609 3971 2410 662 2197 2091 3934 3576 3888 1485 720 4483 2281 749 61 265 2685 4291 2516 1873 2872 1669 3608 1977 1075 1573 1117 4107 3577 3096 4194 2408 4660 4197 3070 2080 1511 4597 3249 621 3675 3968 2697 1179 2310 351 3814 2588 4642 3924 4460 330 3186 3290 2307 4260 2457 1017 1184 3627 4113 600 1258 1589 19 1921 3668 3900 1740 2139 2114 3008 3700 33 4186 3604 2755 817 1414 213
4791
98 125 4381 1661 1378 3943 2358 3834 2987 2508 484 846 4143 4540 3728 707 825 4246 1912 1969 3725 2185 829 96 306 23 3655 1621 602 2043 2461 2905 2822 2050 4566 4199 1856 2132 3896 51 503 243 897 4645 646 488 1215 1471 4733 3781 4094 4321 1829 132 281 2790 154 3935 4410 1410 1841 2734 4315 4662 4783 4744 4725 2503 2739 4484 3208 3241 591 4759 3749 1236 455 173 3361 1052 3953 2664 1236 1646 3450 1516 4435 4258 1314 4708 877 3154 2651 1055 3680 3297 1662 3613 1008
4959
94 1578 1731 2076 1399 1932 3900 2178 1745 4066 3390 893 2246 1294 2039 1163 4295 4187 4544 1723 3482 1362 4842 4891 4234 1030 1964 4945 4070 2903 1348 581 905 3078 4040 2303 50 4364 906 3178 3470 4295 4070 2141 2014 2534 3303 1349 1761 4271 3072 284 673 4338 215 1331 1792 2178 1316 902 1505 2663 1482 2409 781 562 4712 2214 1351 658 433 4820 1377 927 2001 3390 3460 1728 1164 1646 1039 660 1929 1712 38 3527 3042 1829 745 4358 4115 2249 2061 2021 1082
2656
100 835 1201 384 1501 939 829 2495 1385 851 1266 1770 1945 857 437 2490 2329 2420 1166 1590 814 2030 743 2083 646 258 1520 1928 1814 1073 2636 1268 1907 2428 1651 752 710 1071 1838 686 513 1696 1048 2458 1144 76 883 2064 2496 641 2245 653 14 332 79 659 589 191 1178 994 2511 2405 2261 1761 2176 2503 1104 1478 2165 1534 755 22 573 1802 1071 308 1878 545 2372 309 1185 1960 961 1198 2291 2287 449 1472 2477 218 1057 2331 2623 662 28 734 1756 2379 2211 1265 2504
4740
96 1986 2814 2202 2813 4552 4704 2043 2498 2676 4089 3002 1076 4225 2044 1535 970 2582 3869 1453 2481 1997 4311 1271 3614 1519 2115 249 2238 839 626 2752 2824 3439 2005 2688 303 3760 1783 2800 1695 1131 1062 4562 2408 157 1356 3377 4531 484 1882 2271 4273 1452 3541 3146 23 915 3394 2260 1753 1071 2064 1629 1561 1120 1368 1863 140 202 1715 3626 3125 2776 3448 792 4724 1855 1220 4514 4131 3101 3836 3663 1605 2636 3860 1627 602 4305 938 4147 2427 3001 1035 3987 4121
3435
100 1065 530 2412 1847 2121 1266 1337 2279 2923 824 2690 2821 1247 1589 2872 397 3387 3001 489 323 925 2243 230 2235 1046 3033 3392 3051 3408 1843 293 1038 2372 2051 2231 1058 2663 132 2683 1497 956 1937 882 2202 2873 3101 2598 2824 2013 2433 2493 2937 1241 2722 1083 1633 1666 387 595 1639 2229 235 2676 1166 1632 818 1570 207 950 817 1703 1252 2753 1932 18 2190 944 1962 926 2956 307 3418 2457 894 2052 2887 2526 282 3273 2468 1920 1413 2702 507 2578 245 1325 712 451 2274
4265
93 2322 1587 4132 4222 336 2255 1130 188 591 3673 2007 2449 3130 3196 1430 1201 2130 1425 462 409 4034 4140 1900 3994 2777 3083 471 535 1396 3365 168 3014 4248 3596 2971 318 1585 4100 4068 2175 2804 1809 3920 1668 739 382 2868 2166 1103 3330 2574 871 2501 3770 599 1013 2588 1069 844 3983 168 1011 2732 3713 3903 734 4030 1222 568 3832 2693 3371 672 1644 70 1411 2025 2937 3576 3127 1298 1181 3997 3799 4248 330 4108 2570 695 686 1584 160 993
4074
99 745 2989 3809 2737 294 3962 3761 3591 1452 704 1304 851 1562 151 3279 937 2487 3140 641 3312 1410 720 3198 3137 138 2848 903 1163 1699 423 194 2443 3411 4002 264 3704 3048 3182 2378 3657 3885 3681 433 531 2989 2870 625 1402 1093 1265 3871 2503 1142 2153 1565 1279 926 1626 1599 1782 2048 1793 3383 1385 1720 3646 172 3925 1911 2550 3508 1721 2156 3098 2251 229 1893 2875 1630 2986 3298 584 1414 365 2736 2136 802 2820 3761 2400 527 1735 118 3909 2277 996 2638 2448 846
4303
80 3205 647 951 3608 1262 2543 4062 4162 3260 706 397 948 450 1696 1919 1623 3672 2681 4176 2577 2914 1707 35 2370 2283 1173 3886 4207 3039 1320 2557 1940 1967 3507 1244 578 3399 2655 2089 4009 3360 4139 653 3810 1531 2572 2782 2552 2602 4 825 1213 3363 2513 932 1343 1035 514 2899 4073 1834 1152 3362 1150 2008 303 3380 2757 307 1166 2462 3667 1001 3114 3173 4184 3035 3304 2432 2987
4604
98 2758 1061 3870 4018 928 651 3845 598 1273 457 1711 4257 483 287 3347 3729 3870 706 840 3307 629 975 3135 2025 1947 2504 26 206 493 3825 4100 154 1789 3365 4172 4225 920 316 218 2192 772 1928 1844 2763 3723 2094 1887 4496 2799 2727 3199 332 605 3237 2356 2551 2645 2381 4264 3137 3109 664 194 1802 4028 4365 1422 1851 1584 3147 4042 2356 1978 2790 514 1096 279 2400 2496 3078 522 1090 3409 2634 4326 2668 580 2366 1953 1748 2406 457 2411 4108 3766 3342 772 583
4920
95 776 3670 443 207 909 3067 2634 3585 2527 3207 2676 4435 133 4425 1558 2682 560 3778 4076 2117 1550 4877 1251 4177 73 2420 4127 4652 785 1927 4300 4433 676 2695 4639 1584 841 2352 3120 3367 3511 875 834 1595 3251 2391 4276 3810 4120 1383 3878 3621 4211 3080 2878 2235 579 36 1967 4236 1962 4218 3748 2637 1992 1418 2172 784 1722 371 2103 312 1245 2936 4778 4495 406 2085 1337 2477 1420 3166 1178 710 1326 2007 2945 1904 4914 2863 4091 1955 2160 2918 2543
4782
95 1862 1224 3006 2229 3795 1964 3333 3190 2706 1115 724 2891 3143 2538 1121 2779 170 3930 2600 2946 2301 407 297 1541 3131 1777 3458 1600 738 4150 1093 384 592 4098 2612 2170 3845 3728 578 1768 60 3867 2443 3202 4188 3563 3765 2142 494 1582 305 2794 4554 3167 2118 2902 2728 793 2285 3465 161 3377 3848 3318 2693 4243 705 1755 3189 3848 1307 1032 716 3749 2018 2688 313 3566 47 806 2931 351 1383 2702 1301 3501 822 4028 2077 890 2711 2237 4267 1776 772
3624
87 423 1419 3094 2313 852 775 2188 1368 845 2969 879 297 1217 1197 208 2240 1112 1513 1394 2426 2953 2589 3 189 2947 1860 2204 3527 869 3624 2211 2195 1419 1681 883 2270 3359 3071 13 580 3319 891 876 1815 2991 1987 430 478 779 2728 2904 107 1692 2906 295 1014 2045 3402 1821 2913 3402 1311 1483 1196 271 3270 745 6 2716 1661 1489 2410 3456 3268 1504 2822 2534 1934 3300 3312 1037 3483 3418 8 44 992 1926
4737
99 232 3206 850 4498 2884 582 3306 3668 3537 2432 630 1219 2685 2941 2155 97 3388 985 557 4651 3900 4285 2059 660 533 623 4175 699 374 4120 251 606 2588 1100 2509 734 1682 1077 1807 2624 3508 2437 3842 3598 2783 3402 3695 1433 4387 4251 3489 955 1204 810 1615 3880 3576 3195 4578 3949 2577 2234 1960 2570 740 4469 3303 4564 808 373 2450 1722 215 3698 582 2997 2362 1682 1835 4154 3339 586 2515 1948 3538 1535 3233 2376 4729 479 3731 4712 2713 953 2544 3452 2827 3253 3278
3338
91 2352 345 2813 3320 2244 1871 1569 2230 798 2060 1070 2028 257 1258 1962 1443 166 2634 1296 3114 1885 72 884 171 782 2773 2929 1172 2493 2401 739 1507 1370 214 1488 275 708 1680 2505 1505 401 236 2156 2619 1493 780 2685 282 75 642 57 583 2675 2903 2715 118 961 2305 3251 116 3330 652 1622 1361 865 1733 1635 1572 2036 2763 1701 1061 1622 518 341 3114 3259 1650 2020 1957 915 2076 1164 252 264 540 2331 1225 1469 2244 1340
4472
99 3886 2701 6 2014 2381 2746 2872 2010 100 1953 3673 3346 3826 1546 1487 877 1216 1987 3167 1131 1772 2172 2604 3432 3173 1822 1057 3598 598 3450 740 11 3735 2801 4081 3699 3130 64 1237 3229 2016 437 4159 3425 4038 3229 4302 782 744 580 1912 2515 2751 43 3530 1452 1865 2171 2633 46 1148 956 2113 2466 1341 3777 1693 4470 3840 513 811 1383 949 2553 2392 514 1309 2221 3351 2052 384 790 2151 3135 2889 1208 2170 2337 962 2386 4438 4166 926 4134 2159 2266 3438 1435 2263
4710
86 2524 3037 1947 4626 2229 3660 4580 1534 899 1296 2111 3875 824 530 2534 300 2577 4654 1205 285 1620 4210 248 2224 3081 1264 2935 4250 146 88 177 1131 1587 585 1046 3815 2706 4087 3811 3604 3844 4383 2769 3130 202 3764 3429 1240 2169 3095 1524 3788 1056 233 4473 4136 1496 2698 2138 103 2785 2314 1233 4371 1361 740 1938 4066 116 4210 1422 2422 3882 4190 841 4084 1705 2731 3785 3874 1115 599 1413 632 4003 1176
4454
93 1191 3056 2301 1773 2976 1999 1896 3405 951 3256 1862 1062 1536 733 916 904 3732 1414 2988 439 1427 3931 1327 3905 2252 984 1906 2235 1902 2560 2446 3092 1162 292 3954 4137 1381 1395 2177 1421 3740 3129 2482 821 3861 2487 1724 3138 3901 3801 3577 873 2368 3993 323 165 4066 1318 1489 1513 3877 3025 3694 4128 2406 3194 3810 2876 3678 1533 4296 2964 3751 1413 2874 3157 3900 144 930 3346 3034 52 3308 947 3135 2720 201 2746 4037 780 4259 2549 3804
4803
96 1161 112 4610 1879 2639 726 3168 137 776 2071 3431 4763 3968 2908 3495 2392 103 894 3737 2913 4668 82 2753 3363 1073 430 1819 1880 4539 1406 4248 896 1609 4054 2865 4338 67 1229 4474 843 3299 3192 893 2464 1297 4479 143 1490 569 3879 4493 433 3961 2443 3795 321 2963 810 2291 2789 2306 1736 3775 3914 986 1836 3540 1053 3156 3210 1986 1651 1599 2969 4205 2986 2644 4347 4566 3212 3514 4255 3644 2762 1985 2726 3082 235 3626 570 3023 1129 2396 1994 330 3381
4216
97 3580 823 3796 1240 796 4060 3083 2336 3637 2618 64 1786 3365 895 3130 3380 2643 700 1588 742 802 3361 3817 1535 245 3083 3370 4149 3739 1007 3554 2294 1829 2325 3533 1817 2168 1591 4152 1588 4209 3408 2566 3357 86 1479 1712 1920 1370 2491 1853 1363 828 1453 2090 1072 3728 1243 196 3250 2249 3749 519 3269 1049 4052 869 3216 1426 4213 3996 610 3404 1537 3158 2681 2207 653 3792 3577 2336 1429 723 3163 2073 2812 3426 1584 3246 3621 617 470 2345 1136 2931 3393 163
3367
100 320 321 2150 3179 1315 1211 241 1623 1430 1842 1829 3093 2058 1307 640 1934 969 2209 912 836 3103 99 661 870 352 211 2951 1733 1616 2798 2803 1935 3118 639 800 119 1849 93 794 3279 1934 2623 2057 3044 562 2696 1610 583 590 1574 1418 2746 1672 1131 248 1076 395 3199 2808 2010 2629 1296 2998 1433 1934 430 604 416 2942 1397 2747 1508 3072 1436 237 2687 3184 1846 3269 2826 52 373 2204 776 1503 1505 1851 950 389 344 2013 2070 1639 1643 135 206 1125 3158 3041 699
4426
87 1197 202 572 3824 3410 451 1942 4308 927 3796 2736 375 1986 4138 1547 3769 2304 1826 67 482 548 3526 2935 529 3930 2793 4426 4370 2566 2576 4196 2036 2777 342 1433 35 792 1649 2616 1718 1018 3625 2092 3003 1610 1912 619 3913 2011 685 4394 2558 4211 1176 3086 1988 3968 1360 1931 381 2209 1701 2417 559 2042 2123 3293 1107 3771 4182 1098 3062 3380 1463 4339 3263 3374 531 2749 3659 1216 990 1790 3700 2165 3150 1261
4112
92 3518 1981 3715 2420 630 3584 1909 1848 3041 1062 1408 2255 953 3959 1999 3327 3895 722 3590 910 2835 2574 2758 2702 1047 1675 2803 3301 2967 1410 1725 2501 3390 1456 936 4019 927 2845 1754 4095 4034 3289 2237 1003 3263 124 345 3045 973 4062 3954 3808 2523 2599 2525 3570 289 1215 2758 3384 2624 499 1772 1901 1954 2707 1935 3008 1567 3817 2991 1617 3121 1243 2619 2272 1494 2963 1204 2467 2913 1174 2162 1323 3772 574 908 77 1917 3794 3460 556
4433
79 679 3748 3186 3175 1096 2062 1141 9 340 797 4233 4029 2380 680 2687 4011 202 940 3864 4109 3474 3541 1088 378 1836 2964 2656 642 75 1879 1155 753 169 3316 2902 239 944 4043 3655 258 3814 3455 4286 1760 3109 1514 1338 2286 1429 768 1961 3877 3283 2023 4255 686 553 1452 302 628 2306 432 355 2474 3747 3257 1687 3665 1841 909 3922 196 3338 2749 1955 988 4262 2267 3273
4557
92 4408 581 942 1912 145 2318 1389 2187 3780 4190 234 1364 2440 4422 1083 58 793 4252 3937 846 850 1868 102 3541 384 2147 55 881 3813 889 2591 3663 4071 3533 3619 4216 3895 450 4447 3117 2685 123 4481 567 2590 3608 624 3382 3302 3 2272 2197 4472 2373 3782 2901 2565 3836 1826 1820 168 4417 3527 4238 1437 634 1941 774 3685 1830 1935 1812 4555 4460 2378 2587 1555 1046 4013 300 3651 1727 541 1610 2144 4322 4510 2753 3601 1779 15 1813
4950
100 3626 605 1636 4239 438 3848 3867 4380 3074 3696 2884 3723 1186 269 2622 2105 1470 206 4276 829 2954 1426 4092 1355 1872 980 1512 1252 198 2229 2606 3823 2435 4241 2714 2474 2741 1630 1903 466 4928 4787 3790 765 105 1461 2869 1177 1268 2194 1607 4222 3222 351 626 143 1330 1740 1394 1129 3968 3999 2 1452 2892 2317 3925 284 3548 480 749 3525 4868 4538 4290 4574 650 1810 402 1917 3606 2009 790 1877 2359 1416 2019 3290 3155 3014 4020 1774 1665 4021 2827 4158 989 1403 4441 4537
4729
95 2189 3381 1260 3109 2104 1461 4708 177 4425 2934 2128 4302 4339 1714 3356 3327 2366 4562 2458 338 2822 3132 1288 4586 2769 1693 4173 4212 2339 3868 2943 4527 2519 4202 720 4622 934 3240 2612 629 1444 10 2744 1053 4265 1370 2192 1901 3744 4649 51 4379 3052 1339 4235 3633 844 1491 928 3182 629 3870 793 3148 1155 1512 853 2088 22 3464 530 1465 1286 3273 330 821 2455 2521 2721 1469 2440 2772 1118 3304 1923 623 2207 2766 2113 947 3761 555 87 4553 3702
4445
89 785 86 251 2746 4065 894 925 4008 2126 267 75 342 1087 1766 1793 4359 3084 1674 654 17 2572 3830 326 1098 1816 367 3835 1635 38 3793 4328 3354 3878 2665 1655 1584 1645 666 1147 3771 3465 3753 4112 106 1073 3992 19 2243 3752 3205 347 1879 676 672 1063 2491 1039 452 2212 3608 4244 2094 2516 1764 314 2257 1434 1958 2923 2580 1283 1942 4419 3482 2047 1047 3028 153 1376 2334 1444 1722 2299 2119 2394 3361 2696 1519 3812
5000
100 2762 3615 4592 299 2586 249 2501 1059 4347 1965 3205 4608 1740 1416 4879 2903 687 501 2034 1230 2123 400 2943 3754 3194 3587 2076 3792 6 3200 914 4119 3166 1858 770 751 3458 3270 3162 2804 1587 1366 3763 4678 4133 4994 3932 1171 1846 966 2400 3969 1365 1694 4074 4558 281 2501 4702 286 2053 1967 4404 218 176 173 2321 4985 4795 482 2788 2733 3199 2903 2410 3683 2896 1341 1205 4741 3658 3605 61 23 1650 4134 932 1930 2987 1985 3567 39 3952 4323 1608 479 4495 3928 464 641
4556
94 935 2297 244 2914 4240 2361 3775 1682 4238 4528 1674 3967 4133 4442 2230 2735 968 2484 1536 3058 4274 305 1957 233 1202 4319 2087 2676 3930 3579 3170 309 1319 4033 3842 1622 2457 3060 3303 2138 3031 1041 2168 2607 926 462 1405 2513 2945 2940 1015 3283 3865 3591 3515 1130 3353 1666 3805 3347 1308 3038 4275 3246 3134 3560 312 1034 2684 4234 3791 1158 1338 1403 4385 2264 1864 1233 840 872 237 1854 4154 4101 888 3113 674 305 842 542 4271 2149 4199 3989
1331
100 291 689 486 146 922 546 1010 896 483 1314 285 1225 227 1035 257 1000 1191 1038 466 794 316 22 1252 776 557 1026 575 216 316 810 210 274 1166 363 87 757 908 1097 321 1058 747 273 951 974 975 876 310 835 582 443 297 897 464 1216 10 1020 579 584 903 894 1061 780 836 896 1142 922 1320 386 355 1308 112 770 1249 731 412 892 275 389 63 856 831 27 422 962 1243 99 650 490 682 1221 52 79 669 555 642 480 146 298 865 500
4523
97 1577 3657 4118 3093 1360 365 881 2914 670 1119 3261 4516 1615 4236 1289 4329 311 465 3790 1400 3995 1937 2567 1064 1359 694 3137 1602 4146 1058 1918 1768 191 1512 905 2118 1876 1785 1076 2546 2904 381 3106 563 94 4394 368 972 335 203 2371 374 2707 414 1437 4065 1675 619 1712 1298 2244 3629 3065 3002 1185 3969 596 3061 1799 1671 1651 179 2051 233 741 2712 671 1677 4252 1005 1879 2667 1378 62 3649 3383 172 800 46 1883 2665 2857 1556 1774 1335 2740 1220
4730
100 184 73 4694 1665 3856 3060 1623 4730 3292 2514 1785 1584 2422 4710 2891 135 4267 4694 2204 1433 719 4115 2907 4665 858 2217 2536 1827 3215 535 2062 1241 607 2025 2905 2305 2926 4527 2304 1487 152 4088 3071 415 1909 3803 3122 1445 3766 595 2878 2326 2551 1054 102 3408 1112 2638 3076 4327 1014 407 837 4193 2431 1583 1767 626 3952 1912 4685 1945 1269 3025 2360 1019 2097 3323 2464 3705 1759 3183 3872 4310 4236 3974 829 3190 4453 3905 2786 736 4311 1464 198 4584 3046 4536 3051 2267
4440
97 175 2133 3836 4273 2455 1667 721 1592 3182 1203 3071 3845 3506 4077 2218 114 4003 4329 4307 2365 2355 1192 1332 1382 1199 153 3625 4440 3276 462 1316 1282 2594 2984 3387 608 210 4107 32 1223 869 934 2900 2206 2842 677 151 2404 565 2290 2600 751 3481 3932 4404 2511 1916 1420 2510 3023 1881 3825 4305 2306 2368 3251 746 409 749 777 3904 1617 3982 2363 1654 2383 871 1805 2618 3708 4094 777 2290 966 2540 2254 3476 2287 1505 1545 870 3386 3201 734 3523 3401 3984
4328
96 413 2685 4238 2183 3469 3157 1025 4314 2703 1587 1621 292 2434 162 1682 3067 1067 1430 2960 1931 25 4110 972 4322 2476 692 307 2306 3393 4145 3351 3805 2501 3964 2363 2345 2792 3387 2330 1871 645 326 2866 3782 1192 219 2521 2962 2353 1856 564 3081 1638 1536 3074 489 2227 4084 2794 1995 3900 2521 1471 2776 2860 209 793 1324 3595 3826 3898 616 4152 2435 69 1719 3358 3293 352 1382 1525 915 134 3866 2450 3911 26 1053 3667 3524 3047 3238 2420 894 1686 951
4379
99 1359 851 1756 831 574 1025 773 2992 4196 1272 3440 2557 49 4312 2176 612 1565 3247 1198 4011 1528 1124 1811 1882 3710 3830 4052 3725 4031 1992 904 1010 2689 2507 1687 3262 3531 2459 1721 3347 3577 782 1372 3625 714 3547 4237 2125 2261 902 1756 3789 1872 3413 1291 1202 2863 810 395 2362 2648 1145 3371 957 3651 679 4065 2650 2984 1406 1464 2182 2034 2682 1427 2594 1697 1131 339 3957 1879 1942 3366 3751 822 124 420 3685 780 661 1514 3427 1806 352 4 1077 1030 3915 3726
4539
100 2889 1693 1356 1981 2573 3566 4368 3548 2631 3427 4432 662 4276 1430 1683 1016 3244 490 205 4467 1594 4374 3723 4086 2969 1297 174 543 2431 1318 4166 4273 1964 982 1714 4537 9 1542 2499 1593 3922 2392 1208 3659 2775 2890 135 433 3379 3833 360 433 3667 3036 3473 2096 4333 3646 2638 1178 3917 2264 911 1342 2200 2624 293 2208 3120 2791 2754 2502 4136 3961 575 1325 1265 4203 1757 3597 3496 2116 2984 2623 613 1917 3672 3899 1023 725 4030 3894 1942 3894 696 4141 932 4481 763 4051
4778
99 4657 174 957 316 4357 2204 2717 1302 4710 773 2092 402 2237 473 4110 898 2395 4127 833 802 3022 2545 1757 4676 3001 2295 4587 4690 228 1054 871 106 4014 4613 421 3592 2038 3137 2901 4756 1917 3000 379 4153 1480 2497 3059 3874 1845 1899 4675 89 4443 1653 2772 2666 3948 588 585 4175 1642 1455 2288 877 1290 2708 2476 3327 3852 3385 1312 991 1606 1691 3151 1094 4187 4217 189 4039 4124 86 2135 3788 1738 128 4461 3693 3502 267 1097 3151 1722 3384 2035 1019 4099 4510 2353
4635
99 1872 2223 598 2365 2046 2135 561 820 3141 2933 1055 2556 1872 1038 4192 680 1638 803 308 160 4548 3645 2598 684 4177 4411 1239 289 3156 4218 927 392 1723 1441 2756 3768 3492 3317 4504 1998 1614 923 4470 3403 1877 4026 4082 3515 110 4306 3674 22 3315 1636 705 2856 1329 1861 3062 4484 1360 3905 240 2999 628 2996 2132 4119 1594 1917 1398 3207 2840 1232 1891 4633 540 1337 3512 566 1008 2468 588 4239 4103 1209 2377 796 2986 803 644 4346 4624 801 2709 616 3796 122 17
4811
86 2803 74 1106 456 3140 417 1448 191 126 1538 873 2966 2970 970 2691 3544 419 90 2210 382 901 433 863 79 4788 3158 3006 1533 4392 939 3638 4805 1012 2354 449 1762 382 4319 4375 507 3467 436 1084 1625 3827 1385 2779 4245 1475 2600 4627 4797 3032 678 2487 620 1446 681 2152 3448 4041 3400 1052 241 3365 3923 4424 3746 3430 3987 1863 4507 2034 557 1321 1049 1942 1710 483 1027 1920 2720 1012 2563 1008 3498
4162
99 1436 1409 241 761 1443 2533 2573 336 2455 785 579 216 2353 3005 68 3995 2650 4161 3801 1160 1609 822 3076 3050 2425 762 2080 3879 1680 1072 824 3255 2480 1204 4016 3922 3737 2426 236 2169 3350 814 2525 1680 3818 2592 1513 2446 2590 1291 3745 177 2253 2658 3366 515 3559 1284 372 1216 2355 1335 308 812 2539 301 712 2253 2726 947 399 1913 1760 3063 3733 1556 1492 1083 4001 60 2373 3583 236 463 2218 3601 1118 1614 862 1489 2829 3356 2823 3276 6 1339 3577 717 3731
5000
100 3802 1983 2962 95 4144 3244 2812 1202 2128 1930 2594 3480 4930 1443 312 4220 996 3659 4486 3197 2138 1527 1407 406 1688 1425 1929 3436 2676 719 2773 1477 2701 734 1571 1844 329 4382 3045 2457 2663 1991 2288 2592 3433 3951 3164 780 2609 2649 3977 1098 527 383 1503 3566 1807 4783 2001 834 501 1125 2310 4553 3210 232 2748 3539 966 2145 2347 3628 4135 4634 2572 2567 3584 2087 3346 2544 4735 3674 3642 1614 409 144 179 2215 4927 3532 4401 1779 4656 3062 1332 2866 3294 431 1404 4259
4135
91 952 2871 2019 1150 449 2166 3255 2546 2347 3049 1068 2064 1039 2567 1343 3209 2128 1833 2786 1115 2658 1530 3419 2895 2738 387 2637 1558 1002 2957 1638 1610 1349 3657 2416 1798 1687 1535 208 3690 106 933 1275 801 3156 2618 4010 1148 4107 2317 2262 2629 3504 1545 1045 2106 1588 3339 3320 2246 2160 822 3512 3165 343 1792 827 1687 2984 692 1241 3089 1281 2516 3889 301 655 3420 1448 283 1259 3367 2569 627 433 3613 2389 2021 2816 1573 3923
96
96 43 21 95 49 86 9 32 67 38 21 60 2 17 2 75 47 38 13 65 46 3 15 53 85 94 20 44 14 35 52 54 77 73 53 30 30 29 29 64 66 49 92 35 34 93 78 48 2 90 16 16 92 30 36 49 27 23 92 40 57 15 62 38 55 18 35 53 14 63 20 80 16 15 82 17 76 63 64 77 24 79 60 84 12 96 36 6 86 31 14 47 13 75 52 68 60
4961
95 1309 2635 2434 851 1920 1184 2972 904 3757 3007 4775 1878 644 2612 3338 659 3965 4506 689 1279 1048 511 4783 408 2148 4645 2306 4834 4321 4258 4745 4935 1236 2218 824 2460 2706 3100 3364 1501 451 3177 2683 1094 827 1060 1753 4097 4870 1746 4680 957 2256 3806 669 3709 2794 2280 2886 2154 881 2670 2127 2116 4192 2255 3881 1936 393 2283 2742 843 4764 463 1242 4895 827 2299 3335 736 4044 3053 997 644 1897 970 3657 4691 3249 1581 1883 3434 4250 3314 589
15
4 3 4 7 10
4394
96 2975 2325 1480 3266 1387 4299 2480 810 1303 2237 3040 3783 1063 3544 1074 2825 891 2514 2330 1995 1945 3184 3911 555 2299 4244 3889 1019 56 3341 3211 3396 1637 662 2268 3023 932 719 3833 2235 3321 2844 1989 4383 2360 3062 2813 3616 1547 1114 1216 3491 4298 1099 17 2568 1314 4271 3587 1369 3583 2769 370 826 3431 2637 4214 334 3721 4018 2568 2647 2834 528 2635 799 3589 1419 20 741 2533 1602 203 2436 2700 585 975 4013 462 167 1353 4044 3302 1722 841 2704
3663
95 1438 1047 670 1408 779 730 1441 2008 1365 2405 1395 3333 2457 3197 2574 877 2437 778 973 129 2273 938 2349 2358 3660 148 2602 3257 1598 1995 1705 3035 3042 2375 2163 1541 3104 3603 1269 2189 2345 2663 3242 2522 3580 2153 1119 2354 2930 2091 203 2923 750 2552 1618 746 420 1940 1723 3401 271 1149 494 3312 3523 2656 2573 684 317 1562 2872 382 1945 171 2903 1862 2323 1743 552 1590 170 2138 2233 2303 1026 187 770 2829 2126 2492 288 2397 3640 781 3429
4611
98 3509 3665 1091 1466 819 3190 675 2196 1227 3505 2378 1242 3125 4454 220 3427 4312 660 585 1757 55 4163 2995 2797 2501 1054 1270 3578 382 674 1492 1272 4338 4576 2737 2539 536 3411 123 1762 4297 2500 3004 2810 2342 605 3619 4035 3257 1585 1180 3311 1137 4174 3489 1019 2609 2141 1978 372 2814 3470 1643 4533 816 1761 2460 1351 561 2582 494 2239 2463 879 438 193 3476 1438 1610 2121 404 171 820 1540 4345 1691 4552 4335 1213 1918 2089 1408 2769 3731 1329 966 881 1171
4657
88 3017 2104 2244 3729 624 4074 3771 2825 2453 3119 790 1792 4260 1747 2741 1570 4228 3040 1920 4597 3982 3231 1431 1586 302 3803 870 103 2486 2160 1309 4265 3026 3553 3336 2411 2969 1211 578 4183 4329 1367 1317 2693 1876 2819 4262 208 4620 286 147 3944 2278 340 4291 2579 2904 504 1443 733 1425 2752 340 4450 1647 2437 2203 3377 3647 1543 2902 2080 1671 2980 115 3546 4560 3139 3754 4522 2186 3900 2570 4464 3001 2203 1147 1248
2567
90 550 300 2010 1881 1191 1467 1847 3 1798 1160 987 111 1505 1386 490 1632 60 1607 979 578 1480 2384 1396 48 1320 1073 449 304 2040 394 1909 22 2503 1352 1146 1126 2061 425 371 535 827 1358 645 2331 1986 1135 638 1288 1984 1616 1865 140 676 2503 187 1238 1008 635 1542 2291 1028 126 1555 207 1477 133 1332 214 2367 946 748 626 1546 1392 2199 964 2526 270 2251 1186 1128 791 1325 1803 726 1511 474 977 2145 1258
3075
100 1026 979 515 1762 737 2211 2102 1077 2766 1854 2425 2042 738 2573 2588 1964 588 125 1358 2506 1576 2510 1661 539 1852 543 550 1062 2401 1625 2621 351 555 60 64 1292 222 2166 320 2988 944 2744 1954 2708 2241 2493 1596 2829 570 2953 2259 2145 340 1871 635 2191 2414 1184 1204 2766 760 1776 1069 2342 2862 1132 1585 9 1249 1904 948 145 1573 853 2852 738 270 2400 1518 839 229 1729 935 568 524 1569 711 889 704 2941 1607 2491 1642 2675 1757 2455 1758 266 415 959
4562
97 2533 277 3729 1736 1974 2527 4344 1093 2938 2872 3787 1251 3623 2689 2825 3204 3919 344 3851 2323 471 1053 3064 926 2310 190 3200 1791 4259 3358 4494 2229 3635 3661 4262 1344 1625 4342 2734 298 2949 1959 1548 2009 85 109 651 4301 452 237 2360 1220 1289 1159 2145 3896 1348 1080 1422 1044 4437 1354 3570 3807 452 3568 588 2374 3347 3322 2671 1733 1016 4517 3741 1398 63 127 1136 812 661 3793 2031 1949 390 4473 1581 1737 990 3002 3079 1162 4355 2384 407 542 1389
3282
100 1962 262 2695 1170 3206 112 729 1955 1535 2986 1302 929 3206 2955 2300 3276 360 1027 1189 84 3067 1608 3251 1892 1709 1544 2750 2300 1846 259 99 525 1676 668 2850 1599 1935 1452 272 187 1156 2729 2271 2235 275 2444 103 634 188 1291 1873 1128 773 2998 3019 355 2415 360 529 978 1774 627 2658 168 2450 100 1766 1102 1551 3193 2445 580 514 1433 689 1944 595 791 452 1938 3237 2324 940 727 3195 676 2238 2327 2192 2766 1178 683 1266 554 2006 434 1809 1646 1535 1233
4083
99 1861 2544 2409 861 3598 2721 2792 1833 3486 122 1198 2626 2199 1323 2807 2944 1530 3508 2273 2457 3387 3603 3798 751 2636 3662 3910 834 975 3341 3506 2835 584 614 3695 98 3334 2404 713 1519 1308 1910 62 2290 3233 1651 1150 3545 3941 3422 1918 3244 1725 416 3994 3143 2860 2604 2759 3834 644 965 1369 1227 1578 980 107 829 2166 820 2347 2257 1512 1191 463 3527 1624 1612 2989 1481 3816 3689 642 240 21 552 3383 2881 1938 2058 1414 2581 3022 2782 3807 517 3762 3914 128
4437
100 3786 2063 2211 620 3942 981 945 1692 4305 4390 198 951 2581 3315 877 1298 1696 1117 342 1970 4154 4133 863 3736 3925 1250 2073 2552 2039 3326 2638 3554 952 411 4174 456 3559 681 2147 1156 633 2345 2106 3213 3389 712 2240 647 1828 2581 2617 3711 2277 1209 3010 3931 2458 645 2046 59 3970 246 3613 2651 2823 3349 3107 1944 4029 816 3099 2391 890 2934 3333 4279 3646 1135 488 1036 3716 834 310 3722 2042 1049 3215 62 3860 2990 2288 1122 965 1463 3773 3788 2541 2442 3461 4299
4772
96 194 3613 508 622 3408 4009 1522 1318 3695 2176 3385 2383 1298 613 660 652 3152 2275 3573 123 512 930 871 4179 525 3317 4245 1514 4523 1848 3625 2192 2936 1608 2813 1571 844 1811 364 2014 3986 3749 4396 2759 1837 2532 3411 2465 34 2211 2587 2793 616 933 4447 1140 4250 3920 130 1476 3243 3754 3667 1406 2837 3956 452 1156 994 816 3169 2455 4564 268 441 3876 2799 1327 1568 308 1013 1630 3101 1629 2563 2775 244 4288 4170 373 991 2640 1602 4657 4045 1914
3400
95 2883 1750 1215 2049 2112 1230 2964 2587 688 2692 2186 1070 1447 3384 2418 1116 1885 3125 3060 2602 2218 1533 2234 1123 3076 2140 805 597 883 570 3317 917 2319 1131 2965 1583 2912 3080 769 200 2924 106 1821 970 641 1390 2085 3077 1114 2296 2831 3331 981 2216 1606 656 955 2410 1252 2389 132 1168 3305 2450 2850 21 632 2361 3100 1952 3112 2623 2610 1532 744 402 2922 3380 79 635 2276 61 1118 3256 2276 3275 511 382 2836 2314 2770 2967 81 3226 2017
4868
96 4266 2860 3743 1136 2009 2533 4468 2947 1214 2891 4373 2706 1003 4669 14 1475 3648 4702 2390 3818 4375 317 2308 3821 1766 4034 3364 4275 4687 128 3320 4560 3463 2671 1303 603 335 902 4026 1548 3792 3530 4729 403 3806 4743 1877 3061 184 4266 2010 4558 191 4317 3986 1956 3959 2482 1838 4253 3085 765 4421 1680 3435 855 2758 3769 1757 2391 449 1156 1052 785 1558 465 659 3434 3526 842 3308 667 1008 3498 592 125 1061 158 3082 3374 18 1299 4138 4438 3454 2705
